0 0.8 0.764375 0.21166666666666667 0.55375
0 0.7995833333333333 0.740625 0.0975 0.77125
0 0.7995833333333333 0.71875 0.08416666666666667 0.835
1 0.66375 0.73375 0.059166666666666666 0.435
1 0.66875 0.713125 0.0425 0.51625
1 0.12375 0.294375 0.0475 -0.28875
1 0.17625 0.32375 0.05583333333333333 -0.2025
1 0.4716666666666667 0.4875 0.025 0.4025
1 0.71625 0.6625 0.0175 0.7975
1 0.7191666666666666 0.653125 0.015 0.82875
1 0.3466666666666667 0.403125 0.035 0.18125
1 0.5329166666666667 0.521875 0.0225 0.52125
2 0.7270833333333333 0.69 0.015833333333333335 0.7775
3 0.21125 0.29375 0.059166666666666666 -0.0425
3 0.4275 0.444375 0.03 0.34875
3 0.41875 0.42875 0.029166666666666667 0.355
4 0.23 0.375625 0.03666666666666667 -0.11625
4 0.35625 0.440625 0.049166666666666664 0.11375
4 0.22625 0.33125 0.0525 -0.0625
5 0.7883333333333333 0.693125 0.021666666666666667 0.94625
4 0.59875 0.560625 0.015833333333333335 0.65125
6 0.4895833333333333 0.4925 0.020833333333333332 0.4525
3 0.44958333333333333 0.46375 0.015833333333333335 0.3975
6 0.5104166666666666 0.486875 0.034166666666666665 0.50625
7 0.5291666666666667 0.50875 0.03166666666666667 0.5225
7 0.74875 0.65 0.0325 0.8975
6 0.7216666666666667 0.625625 0.02666666666666667 0.87375
1 0.7083333333333334 0.646875 0.01 0.81625
8 0.6995833333333333 0.625625 0.020833333333333332 0.81625
5 0.3591666666666667 0.3975 0.035 0.23
