4 0.9566666666666667 1.0025 0.08666666666666667 0.735
8 0.72375 0.760625 0.09583333333333334 0.50625
4 0.36916666666666664 0.5625 0.056666666666666664 -0.1025
2 0.28458333333333335 0.440625 0.0175 -0.05375
2 0.4033333333333333 0.550625 0.02 0.07875
2 0.6770833333333334 0.729375 0.024166666666666666 0.53625
2 0.6979166666666666 0.740625 0.0175 0.58625
2 0.3408333333333333 0.41625 0.008333333333333333 0.1775
2 0.40375 0.45375 0.0075 0.2925
2 0.4791666666666667 0.52 0.008333333333333333 0.385
9 0.30041666666666667 0.373125 0.014166666666666666 0.13375
5 0.3175 0.381875 0.015 0.16625
0 0.28458333333333335 0.348125 0.019166666666666665 0.12875
0 0.28125 0.33875 0.0175 0.14
4 0.3308333333333333 0.448125 0.023333333333333334 0.06125
4 0.3070833333333333 0.408125 0.0175 0.07875
4 0.4975 0.555 0.023333333333333334 0.3475
4 0.4320833333333333 0.48625 0.0125 0.305
7 0.41583333333333333 0.47 0.023333333333333334 0.2725
3 0.36916666666666664 0.465625 0.03166666666666667 0.12875
3 0.30583333333333335 0.38625 0.018333333333333333 0.1175
3 0.4175 0.460625 0.018333333333333333 0.30375
3 0.37416666666666665 0.429375 0.015 0.24125
3 0.32458333333333333 0.385625 0.009166666666666667 0.18875
3 0.31416666666666665 0.368125 0.008333333333333333 0.19375
3 0.34 0.389375 0.01 0.22625
3 0.30416666666666664 0.370625 0.006666666666666667 0.16125
4 0.3929166666666667 0.443125 0.010833333333333334 0.27625
3 0.3591666666666667 0.43 0.021666666666666667 0.185
4 0.36291666666666667 0.4125 0.005833333333333334 0.255
0 0.5133333333333333 0.535625 0.051666666666666666 0.39125
